wth is this ppm 

142.8549229,100.00306009363887,1.7413726405581817e+22,-1,-1,015.06,031.02,301.21,301.02,015.24,030.51,174.34,180.29,015.06,029.26,018.52,018.69
147.1038956,100.00318010112723,3.811775894027929e-27,-1,-1,015.06,031.02,301.23,301.02,015.25,030.51,177.89,180.29,015.06,029.26,018.54,018.69
151.3388861,100.00308009486693,9.682739198846566e+17,-1,-1,015.07,031.02,300.94,301.02,015.25,030.51,176.37,180.29,015.06,029.27,018.83,018.69
155.5564061,100.00303009181178,7.310531780864161e-26,-1,-1,015.07,031.02,300.90,301.02,015.23,030.51,185.21,180.29,015.06,029.27,018.54,018.69
159.790025,100.00309009548396,-2.4338891524382005e+34,-1,-1,015.06,031.02,300.96,301.02,015.23,030.51,181.23,180.29,015.06,029.27,018.96,018.69
164.0071606,100.00315009922814,-205824.0,-1,-1,015.06,031.02,300.90,301.02,015.23,030.51,182.60,180.29,015.06,029.27,018.67,018.69
168.2720437,100.00298008880665,-1.7408297026122455e-13,-1,-1,015.06,031.02,300.86,301.02,015.23,030.51,181.66,180.29,015.06,029.27,018.50,018.69
172.5215127,100.00305009302784,-3.016604101565149e-27,-1,-1,015.06,031.01,300.96,301.02,015.24,030.51,174.92,180.29,015.06,029.28,018.55,018.69
176.7706572,100.00303009181178,-122880.0,-1,-1,015.06,031.01,301.15,301.02,015.23,030.51,183.26,180.29,015.06,029.28,018.95,018.69
180.9900785,100.003110096724,1851392.0,-1,-1,015.06,031.01,300.90,301.02,015.23,030.51,178.09,180.29,015.06,029.28,018.89,018.69
185.2217144,100.0030400924188,4.396348872075355e-36,-1,-1,015.06,031.01,301.15,301.02,015.23,030.51,181.56,180.29,015.06,029.29,018.65,018.69
189.4718635,100.00312009734704,7.968885967768458e-18,-1,-1,015.06,031.01,301.07,301.02,015.23,030.51,184.24,180.29,015.06,029.29,018.67,018.69
193.7215437,100.00305009302784,-1.210606323217959e+32,-1,-1,015.06,031.01,300.94,301.02,015.25,030.51,173.79,180.29,015.06,029.29,018.50,018.69
197.9885416,100.00316009985916,-4.7489971773220415e-36,-1,-1,015.06,031.01,301.15,301.02,015.23,030.51,180.84,180.29,015.06,029.29,018.50,018.69
202.2050492,100.00308009486693,3.8685626227668134e+28,-1,-1,015.06,031.01,300.80,301.02,015.23,030.51,183.73,180.29,015.06,029.30,018.57,018.69
206.4381337,100.00305009302784,-2.454171562041852e+33,-1,-1,015.07,031.01,301.09,301.02,015.25,030.51,174.55,180.29,015.06,029.30,018.55,018.69
210.6572201,100.00306009363887,1.1470668650637688e-25,-1,-1,015.06,031.01,300.96,301.02,015.24,030.51,175.08,180.29,015.06,029.30,018.46,018.69
214.8904899,100.00308009486693,-9.027796614315168e-36,-1,-1,015.07,031.00,301.09,301.02,015.23,030.51,181.93,180.29,015.06,029.31,018.48,018.69
219.1348569,100.00301009060372,-2.3399479687213898e-08,-1,-1,015.06,031.00,300.82,301.02,015.24,030.51,183.22,180.29,015.06,029.31,018.50,018.69
223.3730501,100.00310009610297,1.6791766434826462e-22,-1,-1,015.07,031.00,301.02,301.02,015.24,030.51,175.88,180.29,015.06,029.31,018.48,018.69
227.6202021,100.003110096724,1.509903313490213e-14,-1,-1,015.06,031.00,301.13,301.02,015.24,030.51,183.95,180.29,015.06,029.32,018.48,018.69
231.8721592,100.00306009363887,2.5424107263916085e-14,-1,-1,015.07,031.00,300.90,301.02,015.24,030.51,184.49,180.29,015.06,029.32,018.65,018.69
236.1351954,100.00305009302784,-1.7985575471866813e+21,-1,-1,015.06,031.00,301.17,301.02,015.23,030.51,186.74,180.29,015.06,029.32,018.73,018.69
240.3884179,100.0030400924188,-177021372071936.0,-1,-1,015.06,031.00,301.00,301.02,015.23,030.51,178.67,180.29,015.06,029.33,018.69,018.69
244.6349117,100.00308009486693,-2.4442670110147446e-11,-1,-1,015.06,031.00,300.86,301.02,015.24,030.51,181.02,180.29,015.06,029.33,018.59,018.69
248.8895345,100.00314009859909,6.490154191851616e-09,-1,-1,015.06,031.00,300.98,301.02,015.25,030.51,178.05,180.29,015.06,029.33,018.73,018.69
253.1517225,100.00314009859909,-1.7747108403195212e+33,-1,-1,015.06,031.00,301.19,301.02,015.23,030.52,181.46,180.29,015.06,029.33,018.89,018.69
257.4053971,100.00310009610297,9.562792127811032e+22,-1,-1,015.06,031.00,301.09,301.02,015.24,030.52,174.45,180.29,015.06,029.33,018.67,018.69
261.6812431,100.00307009425188,2.720894750872159e+20,-1,-1,015.06,031.00,300.86,301.02,015.23,030.52,180.39,180.29,015.06,029.34,018.79,018.69
265.9203552,100.00313009797206,4.0637121826570676e-32,-1,-1,015.06,031.00,300.96,301.02,015.23,030.52,180.55,180.29,015.06,029.34,018.83,018.69
270.1731771,100.00314009859909,3.144367699784866e+29,-1,-1,015.07,031.00,300.92,301.02,015.23,030.52,185.08,180.29,015.06,029.34,018.95,018.69
274.4189473,100.00316009985916,6.891218082260578e-34,-1,-1,015.06,031.00,300.88,301.02,015.24,030.52,174.04,180.29,015.06,029.35,018.52,018.69
278.6193491,100.00308009486693,1384120320.0,-1,-1,015.06,031.00,300.88,301.02,015.23,030.52,185.62,180.29,015.06,029.35,018.65,018.69
282.8849765,100.00309009548396,-2.69630192214213e-31,-1,-1,015.06,031.00,300.96,301.02,015.24,030.52,174.73,180.29,015.06,029.35,018.95,018.69


